1 1 0.3548854462767226 -0.028216235515122732 1 1 -0.9340093843173687 0.11388888888888889 1.0
1 1 0.3548854462767226 -0.028216235515122732 1 1 -0.9340093843173687 0.11388888888888889 1.0
1.0 1 0.08652607127672259 -0.1282162355151229 1.0 1 0.9960687406826313 0.14444444444444443 1.0
0.9180499999999999 1 0.1532744348735921 -0.3 0.7551177147757487 1 -0.004712509317368685 -0.5041666666666667 1.0
0.916375 1 0.1532744348735921 -0.3 0.749615664772387 1 -0.004712509317368685 -0.5041666666666667 1.0
0.8854787499999989 -1 -0.2991614654580916 -0.02638888888888889 1.0 -1 -0.041040634317368686 0.17777777777777778 1.0
0.8838287499999988 -1 -0.2991614654580916 -0.02638888888888889 1.0 -1 -0.041040634317368686 0.17777777777777778 1.0
0.8375787499999989 -1 -0.47220834045809157 -0.02638888888888889 1.0 -1 -0.057056259317368685 0.17777777777777778 1.0
0.7920787499999992 -1 -0.07265625 -0.02638888888888889 0.9049869872553794 -1 0.028433331140722905 0.17777777777777778 1.0
0.7904537499999992 -1 -0.07265625 -0.02638888888888889 0.8996491775506255 -1 0.028433331140722905 0.17777777777777778 1.0
0.8452487499999981 1 0.12206014950451802 0.02638888888888889 0.1962900987626591 1 0.026480206140723085 -0.17777777777777778 1.0
0.8457649999999982 1 0.12206014950451802 0.02638888888888889 0.19144500995372854 1 0.026480206140723085 -0.17777777777777778 1.0
0.8945374999999975 -1 0.2688800898763013 0.023099016514626983 0.9590220454973504 1 0.3868488398763013 -0.08125 1.0
0.8263374999999975 1 0.2649738398763013 0.023099016514626983 0.7349982781962907 1 0.3602863398763013 -0.08125 1.0
0.7588874999999977 1 0.1016925898763013 0.023099016514626983 0.5134381153743485 1 0.1970050898763013 -0.08125 1.0
0.7571874999999977 1 0.1016925898763013 0.023099016514626983 0.5078539452216828 1 0.1970050898763013 -0.08125 1.0
0.7747212499999971 1 0.1895832148763013 0.25166662489484487 0.15514790396140068 1 0.2848957148763013 -0.03333333333333333 1.0
0.7752637499999971 1 0.1895832148763013 0.25166662489484487 0.15005645470455845 1 0.2848957148763013 -0.03333333333333333 1.0
0.7877412499999972 1 0.1653644648763013 -0.006666708438488437 0.03295312179718661 1 0.2606769648763013 0.041666666666666664 1.0
0.8556324999999968 1 0.22662064761836548 0.5833333333333334 1 -1 0.0196613398763013 0.7875 1.0
0.8556324999999968 1 0.22662064761836548 0.5833333333333334 1 -1 0.0196613398763013 0.7875 1.0
0.769211249999996 -1 -0.2990886601236987 0.042409774804805365 0.146525288284491 -1 -0.4834636601236987 0.04236111111111111 1.0
0.7767449999999957 -1 -0.0846355351236987 0.042409774804805365 0.07581983973382676 -1 -0.2768230351236987 0.04236111111111111 1.0
0.8250187499999952 1 0.19971836299657894 -0.002533084885924255 1 1 -0.0627605351236987 -0.9780918772835182 1.0
0.8256749999999953 1 0.19971836299657894 -0.002533084885924255 1 1 -0.0627605351236987 -0.9780918772835182 1.0
0.8340837499999953 1 0.07265625 -0.002533084885924255 1 1 -0.03279139812027765 -0.9780918772835182 1.0
0.8347312499999954 1 0.07265625 -0.002533084885924255 1 1 -0.03279139812027765 -0.9780918772835182 1.0
0.8861112499999947 1 0.16134922687972236 -0.35763888888888856 0.986460081498257 1 0.25666172687972233 -0.12461965506129596 1.0
0.8866624999999947 1 0.16134922687972236 -0.35763888888888856 0.9882708307904082 1 0.25666172687972233 -0.12461965506129596 1.0
0.9002074999999945 1 0.16134922687972236 0.004861111111111427 1.0 1 0.25666172687972233 -0.0954529883946293 1.0
0.9113287499999945 1 0.08752110187972235 0.004861111111111427 1.0 1 0.18283360187972236 -0.0954529883946293 1.0
0.9640037499999938 -1 0.31603672687972234 -0.3157275293303687 0.49337616289940406 1 0.41134922687972236 -0.09267521061685152 1.0
0.9645899999999937 -1 0.31603672687972234 -0.3157275293303687 0.4878741128960422 1 0.41134922687972236 -0.09267521061685152 1.0
0.6718652972315361 -1 -0.08513514812027764 -0.07876013775312427 0.565218975517928 1 -0.04997889812027765 1.240658122716482 1.0
0.6724777972315361 -1 -0.08513514812027764 -0.07876013775312427 0.5672309191758738 1 -0.04997889812027765 1.240658122716482 1.0
0.39439050748337606 -1 -0.25860185311885325 0.1960014178192337 0.467204471316249 1 0.233203125 0.012880344938704031 1.0
0.4044010859391058 -1 -0.3656331031188532 0.020306973374789233 0.37293053991536323 -1 0.233203125 -0.1628140995057404 1.0
0.40501148706445517 -1 -0.3656331031188532 0.020306973374789233 0.36718212946408973 -1 0.233203125 -0.1628140995057404 1.0
0.41426342412153633 -1 -0.16016435311885324 0.020306973374789233 0.28005265105264404 -1 0.489453125 -0.1628140995057404 1.0
0.5719118630270748 1 0.23790088494544648 -0.018000332557971257 0.049130791210057076 1 0.3332133849454465 -0.04583333333333333 1.0
0.6783483792558503 1 0.07265625 0.02638888888888889 1 -1 0.064453125 -0.17777777777777778 1.0
0.6789064602847412 1 0.07265625 0.02638888888888889 1 -1 0.064453125 -0.17777777777777778 1.0
0.6862574338371624 1 0.07265625 0.02638888888888889 1.0 -1 0.064453125 -0.17777777777777778 1.0
0.6868242348821297 1 0.07265625 0.02638888888888889 1.0 -1 0.064453125 -0.17777777777777778 1.0
0.7365457665498732 -1 -0.47064432939805434 0.03164106559727284 0.8242628804896385 -1 0.973046875 -0.10902777777777778 1.0
0.7371823277234518 -1 -0.47064432939805434 0.03164106559727284 0.8182681095904533 -1 0.973046875 -0.10902777777777778 1.0
0.7572209246670636 -1 -0.07265625 0.03164106559727284 0.6295560064900741 -1 -0.8274025456019457 -0.10902777777777778 1.0
0.757770285679878 -1 -0.07265625 0.03164106559727284 0.624382437083928 -1 -0.8274025456019457 -0.10902777777777778 1.0
0.6916688266708702 -1 -0.5598244206019458 0.016340412296520727 0.8803509424642068 -1 -0.6801369206019459 -0.12143034736520614 1.0
0.6899746521188801 -1 -0.5566994206019459 0.016340412296520727 0.8747667723115411 -1 -0.6801369206019459 -0.12143034736520614 1.0
0.6231793289735065 -1 -0.07265625 -0.08227069881459038 0.6546026520277658 -1 -0.16796875 -0.12143034736520614 1.0
0.6215100687531633 -1 -0.07265625 -0.08227069881459038 0.649100602024404 -1 -0.16796875 -0.12143034736520614 1.0
0.6668952609977622 1 -0.12952140232899723 -0.8935348445665069 0.09593927631328399 -1 -0.81015625 0.06120854152368275 1.0
0.6675056621231115 1 -0.18420890232899723 -0.8935348445665069 0.09019086586201047 -1 -0.81015625 0.06120854152368275 1.0
0.7468054883220699 1 -0.0206827560887497 0.7967723932044066 1 -1 0.0551462353186352 -0.7269859029207617 1.0
0.7473810093831136 1 -0.0206827560887497 0.7967723932044066 1 -1 0.0551462353186352 -0.7269859029207617 1.0
0.7715267338987187 -1 -0.6034952560887497 0.10371683764885108 1 -1 0.24655248531863522 -0.08670812514298391 1.0
0.772154575056221 -1 -0.6034952560887497 0.10371683764885108 1 -1 0.24655248531863522 -0.08670812514298391 1.0
0.788992926099787 -1 -0.0972452560887497 0.01621683764885107 1.0 -1 0.7528024853186353 0.15912520819034942 1.0
0.7895684471608306 -1 -0.0972452560887497 0.01621683764885107 1.0 -1 0.7528024853186353 0.15912520819034942 1.0
0.8517334417696243 1 0.13593976321106743 -0.6435823808761794 0.6803883789091929 1 -1.0526662646813647 -0.1318470140318728 1.0
0.8523525629110501 1 0.13593976321106743 -0.6435823808761794 0.6745578483086155 1 -1.0526662646813647 -0.1318470140318728 1.0
0.8863431855769328 1 -0.29179461178893257 -0.666499047542846 0.3544535063219845 1 0.7180368603186352 -0.0019859029207616964 1.0
0.8869099866219 1 -0.29179461178893257 -0.666499047542846 0.3491156966172305 1 0.7180368603186352 -0.0019859029207616964 1.0
0.8874680676507909 1 -0.29179461178893257 -0.666499047542846 0.3438600070617805 1 0.7180368603186352 -0.0019859029207616964 1.0
0.907994985494682 1 0.11523663821106744 -0.04302831385423297 0.15054917560038264 1 0.025849360318635207 -0.33393034736520616 1.0
0.9085705065557258 1 0.11523663821106744 -0.12483238087617932 0.14512924574632474 1 0.025849360318635207 -0.33393034736520616 1.0
0.9109859510088939 1 0.11523663821106744 -0.11941720274312186 0.12238196438914244 1 0.025849360318635207 -0.33393034736520616 1.0
0.9115527520538612 1 0.11523663821106744 -0.04983238087617931 0.11704415468438846 1 0.025849360318635207 -0.33393034736520616 1.0
0.9788625561477431 -1 -0.1277979391383141 0.7156426016702249 1 -1 -0.22311043913831413 -0.014485902920761696 1.0
1 -1 -0.1277979391383141 -0.015607398329775101 1 -1 -0.22311043913831413 -0.07906923625409502 1.0
1 -1 -0.1277979391383141 -0.015607398329775101 1 -1 -0.22311043913831413 -0.07906923625409502 1.0
0.4108967517449629 -1 0.36399893586168586 -0.025 1 1 0.06868643586168588 -0.22916666666666666 1.0
0.411480992822083 -1 0.36399893586168586 -0.025 1 1 0.06868643586168588 -0.22916666666666666 1.0
0.41203035383489744 -1 0.36399893586168586 -0.025 1 1 0.06868643586168588 -0.22916666666666666 1.0
0.41257971484771183 -1 0.36399893586168586 -0.025 1 1 0.06868643586168588 -0.22916666666666666 1.0
0.4302551874346143 1 0.13665518586168587 -0.025 1 1 -0.0016260641383141206 -0.22916666666666666 1.0
0.43079582843135233 1 0.13665518586168587 -0.025 1 1 -0.0016260641383141206 -0.22916666666666666 1.0
0.45621467529411536 1 0.2628270608616859 0.02638888888888889 0.4006968930683215 1 -0.05826668913831412 -0.17777777777777778 1.0
0.45671171621047124 1 0.2628270608616859 0.02638888888888889 0.40233519004693447 1 -0.05826668913831412 -0.17777777777777778 1.0
0.4698963805180174 1 0.07265625 0.02638888888888889 0.44254532115359285 1 0.0109375 -0.17777777777777778 1.0
0.4703847014182969 1 0.07265625 0.02638888888888889 0.44254532115359285 1 0.0109375 -0.17777777777777778 1.0
0.5208038343721543 -1 -0.07265625 0.039491908170440286 0.8454498790100465 1 0.34296875 -0.10555555555555556 1.0
0.5213706354171216 -1 -0.07265625 0.039491908170440286 0.8401120693052926 1 0.34296875 -0.10555555555555556 1.0
0.5219374364620889 -1 -0.07265625 0.039491908170440286 0.8347742596005386 1 0.34296875 -0.10555555555555556 1.0
0.4353905451635734 -1 -0.07265625 0.039491908170440286 0.4067648067652268 1 0.34296875 -0.10555555555555556 1.0
0.4359573462085407 -1 -0.07265625 0.039491908170440286 0.40863304016189067 1 0.34296875 -0.10555555555555556 1.0
0.16756903270824142 1 -0.13156182655196566 0.5162678549038585 0.5893992534804642 -1 0.8022995180048353 0.0880939106444673 1.0
0.16756903270824142 1 -0.13156182655196566 0.5162678549038585 0.5837329631784945 -1 0.8022995180048353 0.0880939106444673 1.0
0.06349490909612246 -1 -0.07265625 0.0266845215705252 0.44952810917858416 1 0.8026113445568009 -0.0681560893555327 1.0